$ANSIBLE_VAULT;1.1;AES256
32313137393932356263383164623565313134616634656639663666376263326461376630353536
6362333365633463353764303333636365363234663337650a393431633665623661633139366236
37336562336366333034373538393138363535613631353637636233383466303939383536396462
6130643138323534620a613931633533393636333163356439346365353231623035333965636635
63626133636164663035373962656337363164643337646365303862646461356136623630303265
37393038346366386639316638366439323338373139326463653839343365326634323234336639
38343031343831343663333263616330623039643630306666616164303963366530663539323136
65653530316132396534653635383434323736633866396161616632363735323966376233613334
36333634623032376366333730313966346636363532623165323063616339353263663363623332
62343730393738653330386664636635343433303565663530373131643163366164336437366263
62663139393363346637303562353538613663373162366135393633313264383731303138613430
36316565663864306435303536333032396230366636313765663363623236613737316464376333
30383931356166626330663163616236333832656361356361656361393437626239616637306439
66353632666332663032626365396263623030373437333161626232343134313235353733633138
35626263393333376430343831626662373638363165313662393733643039333738623133393031
33323164306631363966343962656162353664353661363030663263616239316162376362393431
30366333623066653062303731353031383565636364343635663366616233393236373962353433
63336539336166663439386163313438653137383232396438353035336632616335333263393039
61333362636261663130353239383564346638643035333431633866613764386163373137373738
37313732313934336635613139353235623761336235383134363836626163306538376533393830
36393633386262313666613739333563623738633339613633393038643961623562663666363333
32323631356639646531333831656162363231356566373934373864313439363733363664613263
62646230323035366437323531333164306332346566303830356139363234616232333438653861
61303134316332306664666334626566363034343437313061336565393866633063613538623063
32316331333364313161366639656165653861343135303566383330383038316234386532303935
34393933323131376633643739663936303130323634616636376462643637346534363433343961
31396531643438656530623866623032333863386136336235373237333031353332613038373839
31346139636162343734
