$ANSIBLE_VAULT;1.1;AES256
37626139396463353761383530313536663163386563336436626234626338633465636466386462
3036623534623438336666323432373634343365333737360a373037386165643432636338303563
37666664306234396430393533663331346237616438623665613761356665633265353535346237
3864643864376265350a633562393730653136383433653537376365336564376130373464656636
33373137366633656232626634323939306130623361303261363639396166303464346538323761
61643261353334613635393964636137633763336663666136363339363265323733353639666661
34373639636238643039353137373961373630633066383338303439633134373731633833663665
62336165333132366665623531636632613839623836343765633336333466343837393737363431
39313562323264393834666236393539656130623033333262663830373563356463313330303336
37373232623134613335633364666638303966663064346539323261643033363638393365316663
65396337636133626164353065356162623639656137393439396235313164613234626439393031
38373331396333306461643830316662316139303666316331313436643032616565626538643336
39623861303665333238316235373763633636623336363835613931376633323430353361656262
64303831663238613730376335373531613633373732666636343965666237353263626139613630
38383833356431343466306263386361663138326530626361316230633064623965633038623036
62393161303562616330393135343664646535303639303831323839386462373864316336666439
30636333626438643831376438333935396464373633393734303937343436386366633039633438
62303333343134353833363432346363316364356237373239383337663333386464353562653339
64663633396561663939646232373466626464616538393031623866326266663230623835656665
31353130366431306235343033643937316132383366356132623264653565636636653864623838
32623864643430323463306561396363613164626234323239343936373732323030383464373863
64653836376164326364626563373338346565333939333635373265323432363031383437356437
61303662386534613232343266646161373435393839633966636439663965633133306230633463
66613931336638383866633861653839313763333966623638646633653533333661656466386664
34353838316536373938353063363139323332623939633461313863373330313338
