$ANSIBLE_VAULT;1.1;AES256
35643332346264313765616233303038393462306638393132646538386335343038643661646333
3334343139393666316232313239393536336136666436320a616661343336366531646332303536
32353033633266666338376435613730393437323737393930643738393733646633373239663738
3261313133333931350a383935303365353861646334373634616538313035353935633066363261
63613262333334633231633839346365666539633237616564623663646134353635663338643233
61646533376632303938333063393063306161633866343230653762653664616538306138353939
34343230323161666132636663636663313230633133386262653066653037313664646136653733
36613564353963393866363731373464363261656638323962343165646262303465363464336262
64633238643138633131636564656530393539643833383664613266613164613538356239336539
37393433343331336636336235343539386432326533626635333961616663666164613331353666
37333533326164316431656333663839353437663031306435633734643738366238353266623039
66653938356335663730343936323033333739356363323462613734333330343766643133373563
35356335363333343137646266323435353265666263313532643765626464656637343561336436
38653665326265623134396530313937303036613132633632616566633138663765346664656663
33663537343232636331666135303664623231333732353636633433643038396162383864386162
38363634326437326434333138313833653237666363386631363065396235383563383539633536
36386139383565336566386562373839383832623435303733333066653638626162323461326130
61323830616632666461373839323965393931643038653461653130303537323063363366653161
31363866333135663262386265376637646138323635336632626464346133623336373639613633
65646331323934373830326530646139373834623832383833316636356436333464336164373339
63663630636639386537316262376537333635373361613439613264663762326361303238663030
64666263313533653034653261386234373331663666636133396430313937336361376231633361
37353639643266333232633931383931343666623433656532383237633735363038316335393861
66373739373938336431346639313965356466663464613836323231613437373237383933323732
64326139393762653966396237383163393137366339653861373962653039313336653365323039
64313132616439313630653864336235643834613935313738303562383138356637393438313165
35343538366362363037373936366534306163613138653632643565653166656439383532356661
39313736623865616530
